[[  4.87982872e+03  -3.88876865e+02   4.37187338e+03 ...,   5.50134400e+00
    1.96385095e+02  -2.96634027e+03]
 [ -3.88876865e+02   2.95529983e+03   5.79104077e+02 ...,   1.02652069e+01
    1.68188700e+03  -6.44815962e+02]
 [  4.37187338e+03   5.79104077e+02   9.56744481e+03 ...,  -3.30163168e+01
    3.57452273e+02  -1.22916094e+03]
 ..., 
 [  5.50134400e+00   1.02652069e+01  -3.30163168e+01 ...,   7.92158713e+00
    3.32495243e+01  -2.65408562e+01]
 [  1.96385095e+02   1.68188700e+03   3.57452273e+02 ...,   3.32495243e+01
    2.33394048e+04  -1.20551533e+02]
 [ -2.96634027e+03  -6.44815962e+02  -1.22916094e+03 ...,  -2.65408562e+01
   -1.20551533e+02   2.09545752e+04]]
lda.py:53: ComplexWarning: Casting complex values to real discards the imaginary part
  ev[:, i] = v[:, s[i]]
[[  4.91561437e+03  -4.19376019e+02   4.22601580e+03 ...,   8.71560707e+00
    3.74782143e+02  -3.00114188e+03]
 [ -4.19376019e+02   2.65491783e+03   2.33492268e+02 ...,   1.69877680e+01
    1.50201481e+03  -2.54928798e+02]
 [  4.22601580e+03   2.33492268e+02   9.17246083e+03 ...,  -3.86102386e+01
    8.51391725e+01  -4.55674177e+02]
 ..., 
 [  8.71560707e+00   1.69877680e+01  -3.86102386e+01 ...,   9.91524464e+00
    4.83673739e+01  -6.08003247e+01]
 [  3.74782143e+02   1.50201481e+03   8.51391725e+01 ...,   4.83673739e+01
    2.45927646e+04  -4.08959174e+02]
 [ -3.00114188e+03  -2.54928798e+02  -4.55674177e+02 ...,  -6.08003247e+01
   -4.08959174e+02   2.20381683e+04]]
ans0  -98.9856037855
ans1  -89.3259855088
ans0  -98.9856040753
ans1  -89.3259857695
ans0  -98.985603577
ans1  -89.3259853212
ans0  -270.624918535
ans1  -243.696364829
ans0  -270.624918514
ans1  -243.696364811
ans0  -270.624918663
ans1  -243.696364944
ans0  -98.9856037205
ans1  -89.3259854503
ans0  -270.624918314
ans1  -243.696364631
ans0  -98.985603601
ans1  -89.3259853428
ans0  -98.9856034185
ans1  -89.3259851787
ans0  -270.624918654
ans1  -243.696364936
ans0  -98.9856037387
ans1  -89.3259854667
ans0  -98.9856039512
ans1  -89.3259856578
ans0  -270.624918777
ans1  -243.696365047
ans0  -98.9856033351
ans1  -89.3259851037
ans0  -98.9856032759
ans1  -89.3259850504
ans0  -270.624918464
ans1  -243.696364766
ans0  -270.624918837
ans1  -243.696365101
ans0  -270.624918383
ans1  -243.696364693
ans0  -270.624919045
ans1  -243.696365288
ans0  -270.624918642
ans1  -243.696364926
ans0  -98.9856032803
ans1  -89.3259850544
ans0  -270.624918841
ans1  -243.696365104
ans0  -98.9856035206
ans1  -89.3259852706
ans0  -270.624918654
ans1  -243.696364937
ans0  -98.9856034451
ans1  -89.3259852026
ans0  -98.9856034781
ans1  -89.3259852323
ans0  -98.9856037926
ans1  -89.3259855151
ans0  -98.9856035681
ans1  -89.3259853132
ans0  -98.9856033449
ans1  -89.3259851125
ans0  -98.9856035191
ans1  -89.3259852692
ans0  -98.9856034928
ans1  -89.3259852455
ans0  -270.624918749
ans1  -243.696365022
ans0  -270.6249184
ans1  -243.696364708
ans0  -270.624918399
ans1  -243.696364707
ans0  -98.9856033247
ans1  -89.3259850944
ans0  -98.9856032485
ans1  -89.3259850258
ans0  -98.9856034428
ans1  -89.3259852006
ans0  -270.624918775
ans1  -243.696365046
ans0  -98.9856034438
ans1  -89.3259852015
ans0  -98.985603207
ans1  -89.3259849884
ans0  -270.624918898
ans1  -243.696365156
ans0  -98.9856034784
ans1  -89.3259852326
ans0  -98.9856037966
ans1  -89.3259855188
ans0  -270.624918388
ans1  -243.696364697
ans0  -98.9856035444
ans1  -89.3259852919
ans0  -98.9856038953
ans1  -89.3259856075
ans0  -270.624919085
ans1  -243.696365324
ans0  -270.624918757
ans1  -243.696365029
ans0  -98.9856034245
ans1  -89.3259851841
ans0  -98.9856033442
ans1  -89.3259851119
ans0  -270.62491873
ans1  -243.696365005
ans0  -270.624918815
ans1  -243.696365081
ans0  -98.9856032853
ans1  -89.3259850589
ans0  -98.9856033113
ans1  -89.3259850823
ans0  -98.9856036814
ans1  -89.3259854152
ans0  -98.9856030567
ans1  -89.3259848533
ans0  -270.624919018
ans1  -243.696365264
ans0  -270.624919268
ans1  -243.696365489
ans0  -270.62491838
ans1  -243.69636469
ans0  -98.9856028947
ans1  -89.3259847076
ans0  -270.624918347
ans1  -243.696364661
ans0  -270.624918258
ans1  -243.69636458
ans0  -98.9856030712
ans1  -89.3259848663
ans0  -98.9856033677
ans1  -89.325985133
ans0  -98.9856031358
ans1  -89.3259849244
ans0  -98.985603165
ans1  -89.3259849507
ans0  -270.6249189
ans1  -243.696365158
ans0  -98.9856031158
ans1  -89.3259849065
ans0  -98.9856033765
ans1  -89.325985141
ans0  -270.624917979
ans1  -243.696364329
ans0  -98.9856035676
ans1  -89.3259853128
ans0  -270.624918656
ans1  -243.696364938
ans0  -98.985603747
ans1  -89.3259854741
ans0  -98.9856034716
ans1  -89.3259852265
ans0  -270.624918657
ans1  -243.696364939
ans0  -98.9856033767
ans1  -89.3259851411
ans0  -98.9856038978
ans1  -89.3259856098
ans0  -270.624918228
ans1  -243.696364553
ans0  -270.624917926
ans1  -243.696364282
ans0  -270.624918761
ans1  -243.696365033
ans0  -98.9856035356
ans1  -89.325985284
ans0  -98.9856033684
ans1  -89.3259851337
ans0  -270.624918575
ans1  -243.696364866
ans0  -270.624919062
ans1  -243.696365303
ans0  -98.9856036323
ans1  -89.325985371
ans0  -270.624918642
ans1  -243.696364925
ans0  -270.624918803
ans1  -243.696365071
ans0  -98.9856034494
ans1  -89.3259852065
ans0  -98.9856031301
ans1  -89.3259849193
ans0  -270.624918596
ans1  -243.696364884
ans0  -98.9856033481
ans1  -89.3259851154
ans0  -270.624918729
ans1  -243.696365004
ans0  -270.624917964
ans1  -243.696364315
ans0  -98.9856038101
ans1  -89.3259855309
ans0  -98.9856035485
ans1  -89.3259852957
ans0  -98.9856036474
ans1  -89.3259853845
ans0  -270.624918598
ans1  -243.696364886
ans0  -270.624918606
ans1  -243.696364893
ans0  -98.9856031689
ans1  -89.3259849542
44.0

real	44m10.621s
user	94m9.692s
sys	1m30.122s


ans0  -0.598895956916
ans1  -1e+300
ans0  -0.687004548921
ans1  -1e+300
ans0  -1.70076591213
ans1  -1e+300
ans0  -1e+300
ans1  -4.0271394514
ans0  -1e+300
ans1  -1.5689022734
ans0  -1e+300
ans1  -0.833177548612
ans0  -2.9893148339
ans1  -1e+300
ans0  -1e+300
ans1  -4.83513182722
ans0  -1.07928384083
ans1  -1e+300
ans0  -0.690234174562
ans1  -1e+300
ans0  -1e+300
ans1  -5.50352583977
ans0  -1.00967262678
ans1  -1e+300
ans0  -0.718176254407
ans1  -1e+300
ans0  -1e+300
ans1  -0.902809442053
ans0  -0.60132287584
ans1  -1e+300
ans0  -0.589115960013
ans1  -1e+300
ans0  -1e+300
ans1  -1.35382332222
ans0  -1e+300
ans1  -1.56054637214
ans0  -1e+300
ans1  -1.30301255834
ans0  -1e+300
ans1  -1.92836008621
ans0  -1e+300
ans1  -2.14787044315
ans0  -0.586945186796
ans1  -1e+300
ans0  -1e+300
ans1  -1.24191623554
ans0  -1.0847152889
ans1  -1e+300
ans0  -1e+300
ans1  -1.27854185331
ans0  -1.10327339302
ans1  -1e+300
ans0  -0.624419810579
ans1  -1e+300
ans0  -2.1327884726
ans1  -1e+300
ans0  -0.579827407811
ans1  -1e+300
ans0  -1.38272074975
ans1  -1e+300
ans0  -3.47702957739
ans1  -1e+300
ans0  -0.600254860385
ans1  -1e+300
ans0  -1e+300
ans1  -0.953231300288
ans0  -1e+300
ans1  -1.92174635651
ans0  -1e+300
ans1  -0.8502926836
ans0  -0.723764061291
ans1  -1e+300
ans0  -0.803227428341
ans1  -1e+300
ans0  -1.80177517088
ans1  -1e+300
ans0  -1e+300
ans1  -4.36852154292
ans0  -1.08818017957
ans1  -1e+300
ans0  -0.725984163174
ans1  -1e+300
ans0  -1e+300
ans1  -2.66833841498
ans0  -0.579876115182
ans1  -1e+300
ans0  -0.633021332212
ans1  -1e+300
ans0  -1e+300
ans1  -1.08490958733
ans0  -0.579898215567
ans1  -1e+300
ans0  -1.15600602089
ans1  -1e+300
ans0  -1e+300
ans1  -1.34312797347
ans0  -1e+300
ans1  -1.8859142459
ans0  -0.799398378638
ans1  -1e+300
ans0  -0.730328016333
ans1  -1e+300
ans0  -1e+300
ans1  -4.38394093585
ans0  -1e+300
ans1  -4.34910760016
ans0  -1.76308629358
ans1  -1e+300
ans0  -0.807360322121
ans1  -1e+300
ans0  -0.691575560039
ans1  -1e+300
ans0  -0.812242466748
ans1  -1e+300
ans0  -1e+300
ans1  -1.09744704943
ans0  -1e+300
ans1  -0.828676893395
ans0  -1e+300
ans1  -1.02340564043
ans0  -1.08678114876
ans1  -1e+300
ans0  -1e+300
ans1  -1.19782544831
ans0  -1e+300
ans1  -0.894116307235
ans0  -0.612085625254
ans1  -1e+300
ans0  -0.702679299926
ans1  -1e+300
ans0  -1.19901122664
ans1  -1e+300
ans0  -0.956649672209
ans1  -1e+300
ans0  -1e+300
ans1  -1.19055977515
ans0  -1.36417719472
ans1  -1e+300
ans0  -0.777620858896
ans1  -1e+300
ans0  -1e+300
ans1  -0.89284563952
ans0  -0.711940325409
ans1  -1e+300
ans0  -1e+300
ans1  -0.827048428253
ans0  -0.692754583903
ans1  -1e+300
ans0  -2.2884422109
ans1  -1e+300
ans0  -1e+300
ans1  -1.66534824676
ans0  -0.843788879668
ans1  -1e+300
ans0  -2.80416617396
ans1  -1e+300
ans0  -1e+300
ans1  -1.05894128122
ans0  -1e+300
ans1  -2.35645379996
ans0  -1e+300
ans1  -0.836153762016
ans0  -1.03573051872
ans1  -1e+300
ans0  -0.592307508352
ans1  -1e+300
ans0  -1e+300
ans1  -4.62096697881
ans0  -1e+300
ans1  -1.23405083666
ans0  -3.36396239259
ans1  -1e+300
ans0  -1e+300
ans1  -1.97461807586
ans0  -1e+300
ans1  -0.823827941685
ans0  -0.701870006863
ans1  -1e+300
ans0  -0.666303911144
ans1  -1e+300
ans0  -1e+300
ans1  -3.43432518826
ans0  -0.622752804219
ans1  -1e+300
ans0  -1e+300
ans1  -8.02903464955
ans0  -1e+300
ans1  -1.97422462495
ans0  -3.4851429353
ans1  -1e+300
ans0  -0.709585476497
ans1  -1e+300
ans0  -0.813054935338
ans1  -1e+300
ans0  -1e+300
ans1  -1.48850699508
ans0  -1e+300
ans1  -3.97317837161
ans0  -1.27089262641
ans1  -1e+300
100.0

real	80m42.573s
user	47m35.164s
sys	0m56.072s